<?xml version="1.0"?>
<opencv_storage>
<DAVIS346_00000335>
  <camera_matrix type_id="opencv-matrix">
    <rows>3</rows>
    <cols>3</cols>
    <dt>d</dt>
    <data>
      2.5377699156531051e+02 0. 1.8303093761997766e+02 0.
      2.5305245324686848e+02 1.0665262990150435e+02 0. 0. 1.</data></camera_matrix>
  <distortion_coefficients type_id="opencv-matrix">
    <rows>5</rows>
    <cols>1</cols>
    <dt>d</dt>
    <data>
      -3.9430750807663539e-01 2.1495442236857684e-01
      7.9599619261891390e-03 -1.6143607762042619e-03
      -5.0209197709600834e-02</data></distortion_coefficients>
  <image_width>346</image_width>
  <image_height>260</image_height></DAVIS346_00000335>
<use_fisheye_model>0</use_fisheye_model>
<type>camera</type>
<pattern_width>8</pattern_width>
<pattern_height>6</pattern_height>
<pattern_type>chessboard</pattern_type>
<board_width>9</board_width>
<board_height>7</board_height>
<square_size>26.</square_size>
<calibration_error>4.1038559285127935e-01</calibration_error>
<calibration_time>"Fri Oct 31 14:53:43 2025"</calibration_time>
</opencv_storage>
