<?xml version="1.0"?>
<opencv_storage>
<DAVIS346_00000335>
  <camera_matrix type_id="opencv-matrix">
    <rows>3</rows>
    <cols>3</cols>
    <dt>d</dt>
    <data>
      2.7376748847480661e+02 0. 1.8496208926904990e+02 0.
      2.7369515651718257e+02 1.2610731088765064e+02 0. 0. 1.</data></camera_matrix>
  <distortion_coefficients type_id="opencv-matrix">
    <rows>5</rows>
    <cols>1</cols>
    <dt>d</dt>
    <data>
      -3.9482443129273920e-01 2.2813851590107237e-01
      3.6305310169737991e-04 6.1373443047883628e-05
      -8.7552147225787177e-02</data></distortion_coefficients>
  <image_width>346</image_width>
  <image_height>260</image_height></DAVIS346_00000335>
<use_fisheye_model>0</use_fisheye_model>
<type>camera</type>
<pattern_width>8</pattern_width>
<pattern_height>5</pattern_height>
<pattern_type>chessboard</pattern_type>
<board_width>9</board_width>
<board_height>6</board_height>
<square_size>20.</square_size>
<calibration_error>1.3750938504783541e-01</calibration_error>
<calibration_time>"Fri Oct 31 15:04:43 2025"</calibration_time>
</opencv_storage>
