opencv_storage:
  DAVIS346_00000335:
    camera_matrix:
      rows: '3'
      cols: '3'
      dt: d
      data: |-
        2.6469243200992327e+02 0. 1.8338023825181807e+02 0.
              2.6454451579953479e+02 1.2681171616710340e+02 0. 0. 1.
      _type_id: opencv-matrix
    distortion_coefficients:
      rows: '5'
      cols: '1'
      dt: d
      data: |-
        -4.1347201874446110e-01 2.7323002022969767e-01
              -8.5300844523057912e-04 1.0085804772772800e-03
              -1.2963194999460403e-01
      _type_id: opencv-matrix
    image_width: '346'
    image_height: '260'
  use_fisheye_model: '0'
  type: camera
  pattern_width: '8'
  pattern_height: '5'
  pattern_type: chessboard
  board_width: '9'
  board_height: '6'
  square_size: '1.5000000000000000e+00'
  calibration_error: '1.4111965146977445e-01'
  calibration_time: '"Tue Dec  9 14:09:54 2025"'

